#duvello,30,4,30,0.5,3,3,7,5,fff,233539,233539

#ripvisce,24,6,90,0.75,7,4,2,2,fff,fa2750,233539

#roervop,26,6,90,0.75,7,4,2,2,fff,fa2750,233539

#wuwbudjel,36,14,100,0.75,0,6,6,7,233539,27cdfa,fff

#sepegi,36,5,100,0.75,1,3,3,2,fcec33,233539,233539

#sokofuvi,24,11,20,0.75,4,4,2,4,233539,fa2750,fa2750

#tuthabre,30,17,60,0.25,2,1,4,10,233539,fff,fcec33

#jonivid,18,6,100,1.75,2,7,2,7,233539,fcec33,fff

#weviffe,18,19,100,1,10,0,2,2,fff,fcec33,233539

#coafdit,20,19,100,1,10,0,2,2,fa2750,233539,233539

#zogviho,22,14,90,0.5,7,3,4,3,233539,27cdfa,fff

#hulholu,26,4,80,0.75,3,0,10,0,fff,233539,233539